6659429
1004308
2776449
7547356
5503450
2641300
9611034
1951581
2683473
0049637
2270892
8314676
9164759
9400192
4723053
9069418
7289774
1472547
3778068
6569633
8012253
7451317
8208840
3840830
0224663
6650909
7368629
0750139
4740251
6289953
6544362
6633358
7283939
6820298
4464237
6382607
3737385
6356911
8084381
3708681
8001623
6398411
9819867
9697651
8031130
9686075
1962727
9024153
4134730
4986361
4065611
4641056
3259958
3960971
6933947
2896067
0727169
2385167
3927541
9892103
5118136
4998867
7948470
1046944
0588152
3285064
2592297
6532550
9516414
7985549
0956232
9762189
6404866
4928163
4265046
9417116
1046055
6484301
3974213
7452000
6380552
4763766
5199825
4460507
0691107
9176318
0268655
3729054
9043181
2346964
1837226
4629094
8582663
6593497
9414196
4807038
0113702
1363622
5304552
4444283
1286220
4326233
1500602
5161209
1283878
2665036
0747615
9045563
9229047
9792540
8588119
4742916
0545333
8104304
0183028
2987936
8032001
4179011
6716528
4365782
1338714
7067274
1467554
9760795
6883861
0513725
3375406
2749498
9503667
6856967
2706328
1587819
1285844
0626959
6205407
3219535
5827838
8155187
4174266
4958746
2285606
2360750
1362098
6745082
4389244
6096881
5311900
2423699
2294819
3323501
6375062
7230024
5591674
3427071
4777007
1225968
3635318
0030793
4560789
6609887
5550082
9078693
4961525
6567807
1776345
9825255
5054414
9951042
1814014
2451944
2639801
6666458
3351885
0136495
2536308
8081598
6067729
3903754
2516529
1940058
9687189
2255787
6684680
5569619
4286075
1021520
4515446
3265937
6274026
3525768
2273652
5118320
3106114
4460520
1137897
3960612
2271883
3458048
2038852
8898057
3168668
3209169
8783735
1729291
6188900
1127804
4245627
9321190
2466140
9411668
3824970
9394808
7776852
0607474
0971821
2009109
1000234
8827276
2090906
3847116
5296864
6387485
4878761
2535389
0514491
1383625
3513300
1692491
1089511
0061755
8725603
4752877
0582002
7313021
0547186
6171952
7072801
1295191
8725298
4633469
6870337
7694043
2502087
0407260
3401861
7413375
5270894
7304375
2620133
9181209
8653314
1619381
5085236
3980291
9673763
6521977
5941053
4926319
4044416
6251260
0111613
9798828
2897861
1127333
5171278
3681431
9134779
7379128
9538271
1729690
1522900
0582641
0514760
4015098
8617853
7086371
3151063
7370043
5809445
7399708
5274231
4152537
5620761
6863320
8529135
5979821
6144325
2384931
0251121
9822831
4962874
8388647
8827512
0411707
5666043
4192000
2663481
4232451
2028504
3187912
3355371
1886011
6159740
6776139
8830258
0467325
9179600
6609203
8427535
3438450
0700278
1123095
6560612
3745481
8307890
0861015
4202815
1292990
8253313
1346174
6956881
8686709
1510996
0468080
6240813
0163696
2287449
0286246
4609236
2560072
7899864
2988841
9962865
2810576
5399971
3907502
6401141
6262333
6084615
9119139
2817111
9494304
6618670
8487928
5100524
6791680
0563435
5030233
4411721
1579162
7936025
6825982
9361186
8882389
8745556
7462643
4301197
1288513
5582637
4984279
7981273
4136664
6672361
3813318
4460199
8315047
6636606
2383162
8687229
9339572
6811838
9940835
6157523
5966183
8481060
5421744
0262530
8930809
7972013
3392075
4387919
9043366
5014071
7379889
4943989
2082190
2544496
4684143
9828286
2942458
3485710
3585554
0767027
5684177
3794706
9733469
3362303
3970278
8125177
3462502
7224447
8099931
6717289
1425677
5341498
2839027
5485568
7759890
4857119
8632499
9640870
6259846
6166583
5403814
1439625
4108485
9385065
4622336
2527927
5217709
8746396
3324498
4960420
6556748
5293476
1084382
4930834
7115058
2361762
1527773
9465861
1325261
2384786
7772396
4185893
3902252
0669061
6638243
6005968
0780366
6121865
0871809
9627608
3912650
4330194
8135163
0667283
3863836
8264394
8575554
7168107
1057811
9862266
5838045
1981580
0408016
2347715
5576866
5135400
0000397
4295539
3186560
4270339
7987207
5919118
5227055
4411025
8102254
4528498
6725312
5678492
0315435
9903974
8765033
9238690
6928923
5205891
7345269
8310414
9038225
7338118
2846371
0252136
6451778
7242976
8456728
9665557
0284304
9796091
0578477
4742078
7065964
5996364
6473176
9516315
0623252
0506651
7564487
9021678
4984155
5783717
9571782
0494567
1476051
6811460
8050504
2568464
6467712
3726043
1619557
4654397
6139997
9290994
6453434
4278582
5990997
9889253
3216941
7368219
0347408
4595999
1579257
2992021
7906408
3818083
4857482
1548555
7191381
6823007
6157030
9844024
9453523
5693049
1957554
5868335
3797158
4959493
2405412
1123302
9737045
8588812
5800956
9219238
1881351
7928567
4421165
3253729
8283020
7290772
6600534
8601215
5757902
6726367
6006372
3856418
6675563
1207980
1972416
9541654
5616459
0891892
3170036
6772576
6674245
2566882
9183195
1888597
6226434
1752033
8643428
5444860
8209021
9274817
6048324
7050216
3696029
1637041
4216651
2227737
8766589
7350196
2937587
9796397
1789121
2554407
3117961
8690355
0917126
8716103
6658896
2839953
6871416
6116077
0045822
4876357
1399582
5340578
1189101
4684909
9147743
6586773
2659855
7251377
2448931
6322592
6018113
1753391
5164888
2952474
5505028
9597779
0278077
8756922
0617921
4950463
9825006
9025922
0469322
9579348
9038214
6351912
5886234
1342340
9911724
1595217
5107138
7128674
9654442
5911416
5880317
0854702
2887688
3103236
9888500
0907941
6315089
4619288
4525192
9786777
9029153
0103638
7900624
6828843
9902503
5897643
3734606
0813812
1264207
9383526
3745482
4563840
3063811
4738050
4882918
3821017
4066360
8079401
5065486
8869088
6636428
7213208
5561357
3393426
2089738
8075425
1360145
9763014
8186196
6878883
1583631
9506776
2383563
7753510
6060265
5421212
7912096
1957425
9945762
1712056
4259264
6942195
4956175
7468894
8584531
5229380
1420731
9810168
1385475
8386626
4620424
3588866
9332617
2112998
5431885
2006049
5107807
8137252
8207467
4339475
2238532
9148430
4057831
2356895
8484019
6173185
5512389
5838290
8816996
9334834
3926558
0337345
3920159
5767149
2123071
9995169
9162251
8097423
6514635
6287925
5123641
7552272
7018906
8864868
7547412
0737148
4145651
6307318
8595733
4098252
2876578
1959624
9185654
8216817
6374862
1438864
3564407
6200714
5913502
9841620
0596776
1728401
4784787
2625260
4294280
2209861
8948262
5748045
3746192
3237101
7761322
9329840
3022396
1970983
4661431
1935233
7746855
6080148
4605555
2814268
1789265
7165248
7915544
5209501
9568433
2040288
8866078
2088635
4594771
9520393
3611008
5452893
0543770
0266881
5841446
7298706
0693415
7422912
7891383
0024006
7697285
7645225
7057442
2919635
3539689
3589007
1558189
1082470
9890204
9254081
1133936
3645941
8972647
5224596
8700393
1414148
5461136
9891539
7319448
8119349
7487295
9944558
9897198
8730101
2713037
6688459
5102093
6947423
2749375
4777216
9245888
9668646
1380871
0042775
9708996
8926361
4107749
8053792
4110388
5353946
9957724
9281571
7929493
2065928
3366764
9341545
6581130
1053462
8405507
8672771
3160359
4488037
6615215
1838274
2534577
7440518
8007126
0175534
3511933
9712342
4741005
1578366
4818338
9240206
0955338
0677215
4949007
9117273
9140678
0390601
4991257
0983222
1785907
2518150
6362005
9008152
5460787
4927862
8635354
4282930
1746180
1440348
6012151
9669257
6218059
4484682
8028452
1784983
2848359
3961448
0961441
0228710
0187535
2692385
9399540
2695692
4263728
8361212
9701391
1004614
2126035
8379537
5847990
6239553
5163955
6118053
1181470
8532230
4855605
5700395
2999335
8766358
3462115
7052924
7100525
5488596
2715049
3626257
6304753
0674863
6261891
4973647
2442936
7621161
1571149
8463802
9302491
9207938
4692160
3130992
2148295
5279163
2388710
1127434
3594648
6920392
7419029
5492293
7349383
5307275
1576950
5119780
0668688
8898094
7725185
5877210
4886558
1525023
4237580
6935565
7037531
9204205
7168698
3044470
0411088
7820769
9887212
0179537
7751344
2072255
9661500
5120354
8816799
9771006
6856316
3954271
8746834
4826827
5882713
4377387
0217399
0714262
0456608
5221193
4465903
6001499
7747761
0932281
1022364
3132741
0773827
0767712
1638470
2120433
5760119
5489724
1263889
8059815
5592900
5215385
9389065
9643298
1052323
7361574
8128139
8336513
2350458
5257145
5475732
3465160
1011067
1181840
2562761
0064540
7807909
9067738
8250904
8079495
6857076
4433612
0527314
6973583
5060998
4092502
9319674
4158361
1525892
7077521
5544207
0054322
6939402
2675706
4831905
3635644
6572653
1292059
1958725
6636244
7427088
9012987
4260282
2152613
7960353
7252156
9663363
0204972
6417786
6825989
0685008
4070377
9183861
1522166
8234943
9851324
2156060
9215471
4328327
5910547
7430694
1174827
0025179
2131535
5971545
6227878
5413925
6615701
8741591
0209837
4261726
4543398
5336696
5727172
1149132
2849296
4354110
6012956
9767711
1107475
0095603
1526587
8998382
4420591
8960795
9592453
4164257
7314869
3901361
4580067
0183689
3257114
0151873
5957540
3548278
3607490
1402907
2373746
2579550
3829715
5865625
4694237
3527041
7191312
0819056
9710845
3714146
6238544
4003020
9247952
2525715
7373088
8135181
0009921
7348344
7741581
3436284
0842274
8454820
4420572
4359012
5188516
9456505
7580812
9409343
6244692
7708533
3277401
2193560
1458189
0057689
7912295
1163847
0889399
6635846
6689720
4761362
6669366
3888757
9627731
0124745
8556946
3684627
2748772
6498962
2052536
2081632
7641735
4452933
1640002
5235825
8623237
2058365
8927753
9377370
7403591
7532006
6072070
7250261
6088994
6622577
7259263
5359793
5012113
3440288
5988422
4744500
0066366
1363378
1107530
8366670
3498553
1650957
2969645
3604166
9098093
0150650
9845854
5252974
5869367
6842015
5295767
7674213
9257485
1865055
2110873
1168201
5303297
0784205
0578684
1943746
1858583
2663309
0987265
9627688
7777077
1334731
1900841
6799436
9894468
7658338
2760212
6674521
3148998
9740611
6482574
3966024
5822146
9977030
3869697
0277834
4130735
2196752
5152657
3653804
4539197
9370430
2087393
9663554
5737699
1844952
7046077
5442404
5320770
6465490
2594448
9382194
7760999
5531979
0729603
7540662
3759188
5566740
2777928
5667579
3490671
5068864
8387858
5564613
4616363
1199102
6726002
5618466
9188631
4434725
0655881
5457874
7914070
8016532
6040330
5726316
0176231
1111571
3924256
1781189
3344380
8032293
8622330
3823427
6521734
3165381
4841605
9584115
1514109
9077195
8017422
8990936
5509893
0075220
5885406
4922607
6540724
0653189
8415736
8086719
1574143
8195394
3461229
4036516
9507253
8039222
7547895
6387823
5464837
6774646
0316655
4131240
8720013
1425666
6822665
8321949
6677306
8594104
3108780
8718127
4967347
3793744
9895769
3381403
9155020
9287727
4850928
7695890
7668383
5170699
0947238
6588106
4442065
9667958
4483743
9805794
9542244
9608088
7779269
0062625
9132268
6669517
2522139
2509106
9557720
5161335
8872195
3305688
6149702
5285391
7058347
1643990
3501158
4060910
1456780
3985504
2901444
4352365
0084402
6251642
2845562
1444551
2372626
3029981
0780490
9603118
8797186
4047370
2750497
0889697
3738143
8363990
6557844
5112802
1160059
9846890
7448768
5442747
9255259
5850178
2752683
5074461
2441017
7211588
3915341
8091422
9872934
8719680
6530576
5547571
3563279
6880959
2102947
2433243
5331960
0863365
5979684
8019841
2832432
0794273
4784320
4314064
8409878
7042721
4686389
9043796
8458494
9649953
7131520
2125592
7229401
7700063
1672567
1483986
6412285
3313972
7220560
4662703
8603495
0824655
7675172
0942521
0361963
3671226
9310273
4798770
5451666
4145845
9445913
5496358
4510080
3940659
8933008
5655147
2373100
3906535
6907824
0998860
7669944
2697304
7972588
7621543
4120110
7869445
4627921
6677111
5736451
6813665
2814928
3367552
4727851
2153250
9361248
8699063
1856597
9168912
6725312
2189400
1724533
5310049
2282028
4350650
8123558
3511587
3701445
8740131
8850497
3872497
3970506
1738266
1027575
4194229
9681926
6894763
5186906
3574856
4175069
7324312
5559933
3629973
6628944
2326983
0338197
9487751
3902888
5113890
9824996
2196132
3377197
7401691
2228876
1190536
2263213
4622344
1678226
6667288
7295986
6373955
2766290
4149889
0325281
8939382
8661346
0648791
3612537
6861777
3221815
4215910
4885740
2910374
2524807
8210463
6394565
5666341
9670761
4260113
3163314
4175605
1207190
4335634
2048825
6381192
4397372
9152575
9351018
9766373
7315846
4038961
1401952
8508193
3540797
9186598
2498275
7157637
2889703
2006867
5724208
9040010
2244933
9239418
2737024
8260940
4997007
6618417
1165055
2236411
6544968
8323854
7549377
8971549
9918755
7814887
8335609
7159779
2933178
3159945
1397887
5733249
1727974
3512254
1981000
3145105
1333537
0834025
2331974
5055616
8902892
7759248
2994967
2802288
6604344
2906901
9695105
3697025
7659168
3479227
8131985
1682569
4462131
9917414
4896895
5214577
7132824
4570115
9479225
7263587
4269006
3983698
7965849
5462577
9465522
7523384
7111741
0024980
2060035
4238691
0143896
7340327
1241824
7580939
8030089
0093759
6552022
9000818
1568492
2107697
5469545
3597716
4130418
3526361
9675032
8517072
9619667
8695650
7146669
6278556
4641383
8984908
2160870
1809552
9651853
7985209
7381110
6054195
5905825
8823200
3932886
5099236
3709542
6890338
9152669
3853017
2253527
0741421
3890436
3798656
3326631
2041310
8339027
3760239
1172472
9188001
6961140
6487231
3812501
9609125
9283669
4305915
8454823
6371840
4313879
8763666
8989539
8769842
0605795
0502504
7929912
6682969
2564639
7110673
4851117
4048324
5357813
1958368
4357918
7438018
4125242
1417411
0439968
2146330
2200070
7053731
9672498
4158134
0531273
6040669
8502059
9415897
8488446
4942719
4021056
5820883
9652870
6998851
9652073
1572640
7735639
5439491
7778846
6747951
6849408
1757887
4403380
5781524
5146012
3341747
7725860
1436917
9899403
6576768
2111564
4111991
0028252
9298612
7581833
8518940
2901166
6719347
9402995
4728534
3977590
5198813
8768114
3880043
9453725
6090071
2885567
4410257
8486979
3954709
4729986
6946046
6958060
4652168
6301497
9104826
4157107
7921103
0525549
7098493
0352611
1705431
1216775
3043786
5090414
1690003
8002365
5587026
5468469
5383352
6960313
8546989
4620954
1836673
1763270
0760427
8832356
2857890
